{
 "cells": [
  {
   "cell_type": "code",
   "execution_count": 2,
   "metadata": {
    "collapsed": false
   },
   "outputs": [
    {
     "ename": "IndexError",
     "evalue": "tuple index out of range",
     "output_type": "error",
     "traceback": [
      "\u001b[1;31m---------------------------------------------------------------------------\u001b[0m",
      "\u001b[1;31mIndexError\u001b[0m                                Traceback (most recent call last)",
      "\u001b[1;32m<ipython-input-2-38855a3a4581>\u001b[0m in \u001b[0;36m<module>\u001b[1;34m()\u001b[0m\n\u001b[0;32m     15\u001b[0m \u001b[1;33m\u001b[0m\u001b[0m\n\u001b[0;32m     16\u001b[0m \u001b[1;32mfor\u001b[0m \u001b[0mfc\u001b[0m \u001b[1;32min\u001b[0m \u001b[0mparams\u001b[0m\u001b[1;33m:\u001b[0m\u001b[1;33m\u001b[0m\u001b[0m\n\u001b[1;32m---> 17\u001b[1;33m     \u001b[1;32mprint\u001b[0m \u001b[1;34m'{} weights are {} dimensional, biases are {} dimensional and regularize are {} dimensional'\u001b[0m\u001b[1;33m.\u001b[0m\u001b[0mformat\u001b[0m\u001b[1;33m(\u001b[0m\u001b[0mfc\u001b[0m\u001b[1;33m,\u001b[0m \u001b[0mfc_params\u001b[0m\u001b[1;33m[\u001b[0m\u001b[0mfc\u001b[0m\u001b[1;33m]\u001b[0m\u001b[1;33m[\u001b[0m\u001b[1;36m0\u001b[0m\u001b[1;33m]\u001b[0m\u001b[1;33m.\u001b[0m\u001b[0mshape\u001b[0m\u001b[1;33m,\u001b[0m \u001b[0mfc_params\u001b[0m\u001b[1;33m[\u001b[0m\u001b[0mfc\u001b[0m\u001b[1;33m]\u001b[0m\u001b[1;33m[\u001b[0m\u001b[1;36m1\u001b[0m\u001b[1;33m]\u001b[0m\u001b[1;33m.\u001b[0m\u001b[0mshape\u001b[0m\u001b[1;33m,\u001b[0m \u001b[0mfc_params\u001b[0m\u001b[1;33m[\u001b[0m\u001b[0mfc\u001b[0m\u001b[1;33m]\u001b[0m\u001b[1;33m[\u001b[0m\u001b[1;36m2\u001b[0m\u001b[1;33m]\u001b[0m\u001b[1;33m.\u001b[0m\u001b[0mshape\u001b[0m\u001b[1;33m)\u001b[0m\u001b[1;33m\u001b[0m\u001b[0m\n\u001b[0m\u001b[0;32m     18\u001b[0m \u001b[1;33m\u001b[0m\u001b[0m\n\u001b[0;32m     19\u001b[0m \u001b[1;33m\u001b[0m\u001b[0m\n",
      "\u001b[1;31mIndexError\u001b[0m: tuple index out of range"
     ]
    }
   ],
   "source": [
    "#Net surgery\n",
    "import numpy as np\n",
    "import matplotlib.pyplot as plt\n",
    "%matplotlib inline\n",
    "\n",
    "caffe_root = '../'\n",
    "import sys\n",
    "sys.path.insert(0, caffe_root+'python')\n",
    "\n",
    "import caffe\n",
    "\n",
    "net = caffe.Net('./level_1_k_10/deploy.prototxt', './level_1_k_10/level_1_k_10_iter_100000.caffemodel', caffe.TEST)\n",
    "    "
   ]
  },
  {
   "cell_type": "code",
   "execution_count": 49,
   "metadata": {
    "collapsed": false
   },
   "outputs": [
    {
     "name": "stdout",
     "output_type": "stream",
     "text": [
      "encode weights are (10, 50) dimensional, biases are (10,) dimensiona\n",
      "['0.00', '-0.00', '0.01', '-0.03', '-0.00', '0.00', '0.00', '0.01', '0.00', '0.02'] mole\n",
      "['0.22', '0.01', '0.01', '-0.06', '-0.01', '-0.08', '-0.17', '0.04', '0.01', '0.02'] elephant\n",
      "['-0.08', '-0.00', '-0.02', '0.08', '-0.18', '0.00', '-0.00', '0.16', '-0.19', '0.17'] rabbit\n",
      "['-0.18', '0.09', '0.00', '0.00', '0.17', '0.00', '-0.01', '0.11', '-0.06', '-0.02'] bat\n",
      "['-0.00', '0.00', '0.00', '-0.02', '-0.01', '0.00', '0.00', '0.00', '0.00', '0.00'] beaver\n",
      "['-0.05', '-0.02', '0.00', '-0.07', '-0.19', '0.13', '0.03', '-0.02', '-0.00', '-0.25'] hamster\n",
      "['0.04', '0.26', '-0.04', '0.00', '0.00', '0.21', '-0.00', '-0.01', '-0.05', '0.04'] squirrel\n",
      "['-0.00', '0.00', '-0.30', '0.15', '0.00', '0.00', '0.05', '0.05', '0.01', '-0.02'] rat\n",
      "['0.00', '0.03', '-0.01', '-0.13', '0.00', '-0.01', '0.05', '0.00', '-0.31', '-0.04'] mouse\n",
      "['0.10', '0.12', '-0.00', '0.00', '0.06', '-0.03', '0.17', '0.00', '-0.00', '0.12'] spider+monkey\n",
      "['-0.00', '0.04', '0.00', '-0.00', '-0.01', '-0.02', '-0.04', '0.00', '-0.18', '0.20'] gorilla\n",
      "['-0.03', '0.17', '0.01', '-0.03', '0.00', '-0.08', '-0.02', '-0.19', '0.00', '-0.09'] chimpanzee\n",
      "['-0.01', '0.00', '0.27', '0.15', '0.00', '-0.02', '0.04', '-0.01', '-0.10', '-0.00'] seal\n",
      "['0.00', '0.27', '-0.01', '0.02', '-0.22', '-0.00', '-0.05', '0.02', '-0.00', '0.07'] walrus\n",
      "['-0.14', '0.10', '-0.01', '0.16', '0.00', '-0.12', '0.00', '-0.00', '0.00', '0.00'] killer+whale\n",
      "['0.16', '0.01', '-0.01', '0.12', '0.04', '-0.00', '0.03', '0.19', '0.00', '-0.06'] dolphin\n",
      "['-0.00', '0.22', '0.05', '-0.11', '0.00', '0.00', '0.32', '-0.00', '0.08', '-0.07'] blue+whale\n",
      "['-0.01', '0.06', '-0.00', '0.13', '-0.02', '0.20', '0.00', '0.00', '0.16', '-0.01'] humpback+whale\n",
      "['0.04', '-0.22', '0.00', '-0.04', '0.00', '-0.00', '-0.07', '-0.14', '0.00', '-0.00'] grizzly+bear\n",
      "['0.21', '-0.01', '0.00', '-0.01', '-0.13', '-0.03', '0.06', '0.00', '-0.00', '-0.00'] polar+bear\n",
      "['-0.02', '0.02', '-0.00', '0.16', '-0.01', '0.00', '-0.00', '-0.08', '0.07', '0.11'] skunk\n",
      "['0.03', '-0.02', '0.05', '0.16', '-0.06', '0.09', '0.22', '-0.04', '-0.00', '-0.00'] weasel\n",
      "['0.13', '0.02', '-0.05', '0.17', '0.00', '-0.01', '-0.03', '-0.11', '-0.07', '-0.18'] otter\n",
      "['-0.00', '-0.05', '-0.01', '0.04', '-0.00', '-0.21', '0.06', '-0.01', '0.00', '0.00'] giant+panda\n",
      "['0.00', '-0.06', '-0.07', '0.00', '0.18', '0.02', '-0.00', '-0.23', '-0.01', '0.02'] raccoon\n",
      "['-0.01', '0.00', '0.00', '-0.10', '0.00', '0.06', '0.08', '-0.00', '-0.00', '0.32'] fox\n",
      "['0.11', '-0.02', '-0.22', '-0.05', '-0.00', '0.06', '-0.01', '-0.00', '0.03', '-0.00'] wolf\n",
      "['0.00', '-0.10', '0.11', '0.00', '-0.03', '-0.07', '0.05', '-0.00', '0.08', '-0.11'] dalmatian\n",
      "['-0.04', '0.10', '-0.00', '-0.03', '0.00', '-0.02', '0.32', '0.08', '0.02', '0.00'] chihuahua\n",
      "['0.02', '-0.00', '-0.05', '-0.18', '0.06', '-0.13', '0.04', '0.00', '0.02', '0.02'] german+shepherd\n",
      "['-0.01', '-0.00', '-0.04', '-0.02', '-0.14', '-0.03', '0.02', '-0.14', '0.17', '0.01'] collie\n",
      "['0.00', '-0.00', '0.23', '-0.08', '-0.00', '0.00', '0.00', '-0.00', '-0.00', '-0.01'] tiger\n",
      "['0.28', '-0.01', '0.06', '0.01', '0.00', '0.11', '-0.00', '-0.00', '-0.01', '-0.00'] leopard\n",
      "['-0.00', '0.03', '0.00', '-0.26', '-0.07', '0.09', '-0.04', '-0.00', '-0.01', '-0.00'] lion\n",
      "['-0.10', '-0.06', '0.06', '-0.00', '0.02', '0.24', '-0.02', '-0.00', '-0.01', '-0.00'] bobcat\n",
      "['-0.30', '-0.00', '0.00', '0.00', '0.01', '0.01', '0.05', '-0.10', '-0.00', '0.00'] persian+cat\n",
      "['-0.00', '-0.28', '0.00', '0.00', '0.11', '-0.00', '0.04', '0.01', '-0.08', '-0.00'] siamese+cat\n",
      "['-0.01', '-0.02', '0.11', '-0.04', '0.02', '0.00', '0.00', '0.18', '-0.12', '-0.00'] rhinoceros\n",
      "['0.01', '0.23', '0.03', '-0.15', '0.00', '-0.00', '-0.00', '0.07', '0.06', '0.05'] horse\n",
      "['0.00', '-0.00', '0.09', '0.04', '0.01', '0.00', '-0.13', '-0.00', '0.01', '0.12'] zebra\n",
      "['0.00', '0.04', '-0.00', '0.01', '0.00', '-0.00', '-0.06', '0.03', '-0.02', '-0.29'] hippopotamus\n",
      "['0.00', '-0.02', '-0.18', '-0.09', '-0.09', '-0.13', '-0.01', '0.05', '-0.03', '-0.02'] pig\n",
      "['0.01', '0.00', '0.08', '-0.05', '0.21', '0.03', '-0.00', '-0.00', '0.14', '-0.17'] giraffe\n",
      "['-0.01', '0.02', '-0.21', '0.00', '0.17', '-0.00', '-0.13', '-0.00', '0.00', '-0.01'] moose\n",
      "['0.02', '-0.10', '-0.02', '0.05', '0.01', '0.15', '0.04', '0.23', '0.05', '-0.01'] deer\n",
      "['0.00', '-0.02', '0.03', '0.11', '0.10', '-0.07', '-0.00', '0.00', '0.09', '0.22'] antelope\n",
      "['0.04', '-0.04', '-0.01', '0.14', '-0.17', '0.11', '-0.03', '0.02', '0.11', '0.01'] sheep\n",
      "['-0.20', '-0.00', '0.02', '0.07', '-0.00', '0.01', '-0.17', '-0.01', '-0.05', '0.00'] buffalo\n",
      "['0.05', '0.01', '-0.00', '0.01', '-0.00', '0.01', '-0.00', '0.05', '-0.00', '0.02'] ox\n",
      "['-0.28', '-0.04', '-0.00', '0.00', '-0.06', '-0.02', '-0.04', '0.08', '0.06', '-0.01'] cow\n",
      "{0: ['elephant', 'bat', 'polar+bear', 'leopard', 'persian+cat', 'buffalo', 'ox', 'cow'], 1: ['squirrel', 'walrus', 'grizzly+bear', 'siamese+cat', 'horse'], 2: ['rat', 'seal', 'wolf', 'tiger', 'pig', 'moose'], 3: ['mole', 'beaver', 'killer+whale', 'skunk', 'german+shepherd', 'lion'], 4: ['giraffe', 'sheep'], 5: ['humpback+whale', 'giant+panda', 'bobcat'], 6: ['spider+monkey', 'blue+whale', 'weasel', 'chihuahua', 'zebra'], 7: ['chimpanzee', 'dolphin', 'raccoon', 'rhinoceros', 'deer'], 8: ['rabbit', 'mouse', 'collie'], 9: ['hamster', 'gorilla', 'otter', 'fox', 'dalmatian', 'hippopotamus', 'antelope']}\n",
      "0.00 0.30 0.36 0.30 0.03 0.37 0.34 0.37 0.34 0.26 0.27 0.30 0.34 0.36 0.28 0.30 0.41 0.30 0.28 0.26 0.23 0.32 0.35 0.24 0.32 0.32 0.26 0.23 0.35 0.23 0.27 0.24 0.31 0.26 0.27 0.33 0.31 0.23 0.27 0.19 0.32 0.26 0.32 0.31 0.30 0.29 0.29 0.29 0.08 0.31\n",
      "0.30 0.00 0.50 0.51 0.30 0.52 0.47 0.50 0.47 0.41 0.38 0.42 0.49 0.44 0.47 0.34 0.60 0.47 0.37 0.29 0.41 0.53 0.40 0.37 0.46 0.48 0.34 0.38 0.57 0.34 0.42 0.37 0.28 0.38 0.49 0.60 0.46 0.37 0.38 0.30 0.41 0.35 0.44 0.38 0.45 0.41 0.41 0.46 0.27 0.54\n",
      "0.36 0.50 0.00 0.45 0.37 0.54 0.47 0.46 0.42 0.45 0.26 0.55 0.44 0.39 0.40 0.44 0.62 0.50 0.52 0.43 0.40 0.44 0.54 0.43 0.59 0.40 0.48 0.49 0.48 0.49 0.51 0.46 0.52 0.48 0.44 0.47 0.48 0.33 0.48 0.37 0.55 0.40 0.65 0.53 0.41 0.44 0.40 0.39 0.35 0.41\n",
      "0.30 0.51 0.45 0.00 0.30 0.51 0.41 0.44 0.41 0.41 0.39 0.41 0.43 0.49 0.30 0.41 0.48 0.43 0.51 0.53 0.40 0.48 0.49 0.40 0.43 0.47 0.46 0.41 0.41 0.38 0.51 0.39 0.54 0.43 0.36 0.32 0.44 0.29 0.36 0.36 0.39 0.42 0.36 0.33 0.40 0.41 0.51 0.30 0.32 0.31\n",
      "0.03 0.30 0.37 0.30 0.00 0.35 0.34 0.36 0.34 0.27 0.28 0.28 0.34 0.36 0.27 0.30 0.41 0.30 0.28 0.26 0.23 0.31 0.33 0.24 0.31 0.34 0.26 0.22 0.35 0.23 0.26 0.24 0.31 0.27 0.27 0.32 0.32 0.24 0.28 0.21 0.30 0.26 0.32 0.31 0.31 0.30 0.29 0.28 0.08 0.30\n",
      "0.37 0.52 0.54 0.51 0.35 0.00 0.47 0.51 0.45 0.54 0.56 0.42 0.51 0.48 0.49 0.49 0.49 0.40 0.44 0.41 0.49 0.42 0.41 0.48 0.53 0.61 0.43 0.34 0.48 0.48 0.39 0.41 0.47 0.36 0.37 0.44 0.50 0.44 0.48 0.49 0.28 0.41 0.45 0.53 0.43 0.63 0.37 0.45 0.38 0.42\n",
      "0.34 0.47 0.47 0.41 0.34 0.47 0.00 0.46 0.44 0.36 0.39 0.40 0.50 0.32 0.44 0.43 0.45 0.33 0.55 0.42 0.39 0.43 0.45 0.53 0.47 0.44 0.39 0.52 0.45 0.48 0.46 0.44 0.39 0.38 0.36 0.49 0.59 0.43 0.30 0.39 0.45 0.48 0.49 0.42 0.45 0.49 0.42 0.45 0.33 0.52\n",
      "0.37 0.50 0.46 0.44 0.36 0.51 0.46 0.00 0.52 0.43 0.46 0.48 0.59 0.49 0.37 0.37 0.57 0.40 0.48 0.43 0.36 0.42 0.38 0.39 0.45 0.53 0.26 0.47 0.46 0.45 0.43 0.59 0.50 0.53 0.49 0.48 0.46 0.49 0.51 0.47 0.45 0.33 0.52 0.31 0.40 0.44 0.39 0.46 0.34 0.46\n",
      "0.34 0.47 0.42 0.41 0.34 0.45 0.44 0.52 0.00 0.42 0.32 0.42 0.46 0.50 0.47 0.48 0.51 0.58 0.46 0.42 0.51 0.48 0.45 0.42 0.46 0.49 0.44 0.45 0.45 0.37 0.54 0.40 0.46 0.36 0.44 0.47 0.43 0.31 0.44 0.45 0.42 0.37 0.53 0.47 0.51 0.56 0.56 0.45 0.36 0.50\n",
      "0.26 0.41 0.45 0.41 0.27 0.54 0.36 0.43 0.42 0.00 0.34 0.38 0.41 0.41 0.37 0.34 0.32 0.41 0.47 0.30 0.31 0.31 0.44 0.32 0.40 0.32 0.36 0.39 0.26 0.31 0.39 0.37 0.35 0.42 0.45 0.47 0.46 0.37 0.30 0.36 0.49 0.40 0.44 0.44 0.43 0.31 0.44 0.51 0.25 0.51\n",
      "0.27 0.38 0.26 0.39 0.28 0.56 0.39 0.46 0.32 0.34 0.00 0.43 0.39 0.39 0.37 0.43 0.57 0.48 0.41 0.38 0.33 0.44 0.47 0.36 0.42 0.28 0.40 0.45 0.48 0.37 0.45 0.38 0.42 0.39 0.40 0.43 0.42 0.31 0.39 0.25 0.52 0.37 0.55 0.41 0.46 0.33 0.44 0.35 0.28 0.44\n",
      "0.30 0.42 0.55 0.41 0.28 0.42 0.40 0.48 0.42 0.38 0.43 0.00 0.44 0.37 0.31 0.49 0.42 0.43 0.42 0.40 0.35 0.44 0.34 0.35 0.34 0.52 0.42 0.36 0.45 0.34 0.31 0.36 0.46 0.39 0.45 0.36 0.53 0.46 0.34 0.37 0.34 0.38 0.39 0.40 0.57 0.46 0.46 0.38 0.33 0.44\n",
      "0.34 0.49 0.44 0.43 0.34 0.51 0.50 0.59 0.46 0.41 0.39 0.44 0.00 0.50 0.36 0.41 0.53 0.44 0.45 0.42 0.35 0.33 0.42 0.38 0.49 0.51 0.57 0.33 0.47 0.50 0.49 0.26 0.43 0.52 0.40 0.45 0.44 0.32 0.49 0.32 0.45 0.54 0.46 0.57 0.46 0.40 0.43 0.39 0.34 0.46\n",
      "0.36 0.44 0.39 0.49 0.36 0.48 0.32 0.49 0.50 0.41 0.39 0.37 0.50 0.00 0.37 0.47 0.49 0.41 0.57 0.38 0.38 0.47 0.49 0.46 0.59 0.47 0.45 0.49 0.48 0.47 0.38 0.45 0.48 0.41 0.50 0.50 0.66 0.45 0.30 0.38 0.48 0.41 0.59 0.51 0.52 0.49 0.38 0.43 0.35 0.47\n",
      "0.28 0.47 0.40 0.30 0.27 0.49 0.44 0.37 0.47 0.37 0.37 0.31 0.36 0.37 0.00 0.39 0.48 0.38 0.46 0.44 0.24 0.38 0.38 0.27 0.43 0.48 0.44 0.35 0.40 0.40 0.37 0.40 0.52 0.49 0.43 0.29 0.47 0.38 0.39 0.32 0.38 0.37 0.44 0.38 0.45 0.33 0.39 0.27 0.29 0.29\n",
      "0.30 0.34 0.44 0.41 0.30 0.49 0.43 0.37 0.48 0.34 0.43 0.49 0.41 0.47 0.39 0.00 0.50 0.37 0.47 0.30 0.37 0.37 0.34 0.36 0.50 0.52 0.35 0.35 0.42 0.42 0.48 0.41 0.29 0.49 0.44 0.56 0.42 0.30 0.42 0.37 0.36 0.40 0.40 0.40 0.26 0.40 0.35 0.47 0.23 0.50\n",
      "0.41 0.60 0.62 0.48 0.41 0.49 0.45 0.57 0.51 0.32 0.57 0.42 0.53 0.49 0.48 0.50 0.00 0.48 0.62 0.45 0.50 0.40 0.56 0.47 0.55 0.52 0.51 0.44 0.20 0.42 0.45 0.44 0.52 0.46 0.53 0.50 0.62 0.49 0.35 0.56 0.49 0.50 0.45 0.60 0.53 0.55 0.55 0.62 0.42 0.54\n",
      "0.30 0.47 0.50 0.43 0.30 0.40 0.33 0.40 0.58 0.41 0.48 0.43 0.44 0.41 0.38 0.37 0.48 0.00 0.45 0.40 0.26 0.32 0.40 0.47 0.44 0.47 0.37 0.38 0.45 0.49 0.34 0.41 0.38 0.44 0.28 0.43 0.49 0.44 0.40 0.34 0.41 0.49 0.38 0.42 0.31 0.39 0.21 0.39 0.29 0.41\n",
      "0.28 0.37 0.52 0.51 0.28 0.44 0.55 0.48 0.46 0.47 0.41 0.42 0.45 0.57 0.46 0.47 0.62 0.45 0.00 0.37 0.36 0.44 0.39 0.34 0.28 0.46 0.35 0.29 0.56 0.36 0.34 0.36 0.38 0.39 0.37 0.43 0.25 0.43 0.52 0.32 0.43 0.38 0.42 0.40 0.45 0.41 0.39 0.39 0.31 0.44\n",
      "0.26 0.29 0.43 0.53 0.26 0.41 0.42 0.43 0.42 0.30 0.38 0.40 0.42 0.38 0.44 0.30 0.45 0.40 0.37 0.00 0.35 0.32 0.34 0.32 0.46 0.43 0.30 0.30 0.40 0.35 0.32 0.35 0.22 0.37 0.45 0.54 0.43 0.37 0.39 0.36 0.40 0.32 0.47 0.47 0.39 0.42 0.30 0.50 0.23 0.51\n",
      "0.23 0.41 0.40 0.40 0.23 0.49 0.39 0.36 0.51 0.31 0.33 0.35 0.35 0.38 0.24 0.37 0.50 0.26 0.36 0.35 0.00 0.29 0.36 0.30 0.33 0.37 0.36 0.33 0.43 0.40 0.28 0.37 0.39 0.46 0.35 0.36 0.41 0.41 0.40 0.22 0.45 0.40 0.43 0.38 0.40 0.20 0.26 0.32 0.23 0.37\n",
      "0.32 0.53 0.44 0.48 0.31 0.42 0.43 0.42 0.48 0.31 0.44 0.44 0.33 0.47 0.38 0.37 0.40 0.32 0.44 0.32 0.29 0.00 0.37 0.37 0.44 0.45 0.43 0.33 0.31 0.47 0.38 0.39 0.38 0.50 0.37 0.43 0.42 0.41 0.48 0.41 0.46 0.47 0.47 0.53 0.37 0.40 0.31 0.48 0.30 0.47\n",
      "0.35 0.40 0.54 0.49 0.33 0.41 0.45 0.38 0.45 0.44 0.47 0.34 0.42 0.49 0.38 0.34 0.56 0.40 0.39 0.34 0.36 0.37 0.00 0.37 0.38 0.62 0.37 0.36 0.53 0.47 0.42 0.45 0.35 0.51 0.46 0.51 0.45 0.46 0.52 0.42 0.29 0.42 0.43 0.40 0.48 0.49 0.38 0.44 0.32 0.53\n",
      "0.24 0.37 0.43 0.40 0.24 0.48 0.53 0.39 0.42 0.32 0.36 0.35 0.38 0.46 0.27 0.36 0.47 0.47 0.34 0.32 0.30 0.37 0.37 0.00 0.39 0.45 0.38 0.24 0.37 0.26 0.33 0.35 0.44 0.45 0.48 0.39 0.34 0.35 0.42 0.33 0.39 0.27 0.42 0.40 0.44 0.32 0.41 0.39 0.25 0.37\n",
      "0.32 0.46 0.59 0.43 0.31 0.53 0.47 0.45 0.46 0.40 0.42 0.34 0.49 0.59 0.43 0.50 0.55 0.44 0.28 0.46 0.33 0.44 0.38 0.39 0.00 0.45 0.36 0.41 0.52 0.36 0.39 0.44 0.44 0.45 0.39 0.39 0.35 0.49 0.50 0.38 0.46 0.45 0.38 0.32 0.52 0.39 0.49 0.42 0.35 0.49\n",
      "0.32 0.48 0.40 0.47 0.34 0.61 0.44 0.53 0.49 0.32 0.28 0.52 0.51 0.47 0.48 0.52 0.52 0.47 0.46 0.43 0.37 0.45 0.62 0.45 0.45 0.00 0.42 0.49 0.43 0.38 0.42 0.42 0.46 0.39 0.41 0.46 0.46 0.42 0.38 0.34 0.64 0.46 0.56 0.49 0.45 0.32 0.47 0.49 0.35 0.48\n",
      "0.26 0.34 0.48 0.46 0.26 0.43 0.39 0.26 0.44 0.36 0.40 0.42 0.57 0.45 0.44 0.35 0.51 0.37 0.35 0.30 0.36 0.43 0.37 0.38 0.36 0.42 0.00 0.40 0.46 0.31 0.34 0.47 0.33 0.34 0.40 0.49 0.40 0.43 0.40 0.39 0.40 0.26 0.43 0.26 0.36 0.42 0.35 0.45 0.25 0.47\n",
      "0.23 0.38 0.49 0.41 0.22 0.34 0.52 0.47 0.45 0.39 0.45 0.36 0.33 0.49 0.35 0.35 0.44 0.38 0.29 0.30 0.33 0.33 0.36 0.24 0.41 0.49 0.40 0.00 0.39 0.32 0.30 0.23 0.38 0.38 0.37 0.39 0.32 0.31 0.41 0.32 0.30 0.36 0.30 0.45 0.36 0.39 0.34 0.38 0.24 0.35\n",
      "0.35 0.57 0.48 0.41 0.35 0.48 0.45 0.46 0.45 0.26 0.48 0.45 0.47 0.48 0.40 0.42 0.20 0.45 0.56 0.40 0.43 0.31 0.53 0.37 0.52 0.43 0.46 0.39 0.00 0.37 0.43 0.42 0.50 0.46 0.47 0.43 0.50 0.39 0.37 0.50 0.48 0.43 0.46 0.54 0.42 0.46 0.49 0.55 0.35 0.45\n",
      "0.23 0.34 0.49 0.38 0.23 0.48 0.48 0.45 0.37 0.31 0.37 0.34 0.50 0.47 0.40 0.42 0.42 0.49 0.36 0.35 0.40 0.47 0.47 0.26 0.36 0.38 0.31 0.32 0.37 0.00 0.35 0.34 0.42 0.29 0.45 0.42 0.38 0.34 0.30 0.36 0.41 0.24 0.37 0.35 0.45 0.38 0.48 0.44 0.26 0.41\n",
      "0.27 0.42 0.51 0.51 0.26 0.39 0.46 0.43 0.54 0.39 0.45 0.31 0.49 0.38 0.37 0.48 0.45 0.34 0.34 0.32 0.28 0.38 0.42 0.33 0.39 0.42 0.34 0.30 0.43 0.35 0.00 0.38 0.43 0.36 0.42 0.37 0.48 0.48 0.38 0.35 0.43 0.34 0.43 0.45 0.47 0.39 0.29 0.42 0.30 0.38\n",
      "0.24 0.37 0.46 0.39 0.24 0.41 0.44 0.59 0.40 0.37 0.38 0.36 0.26 0.45 0.40 0.41 0.44 0.41 0.36 0.35 0.37 0.39 0.45 0.35 0.44 0.42 0.47 0.23 0.42 0.34 0.38 0.00 0.36 0.32 0.32 0.41 0.40 0.25 0.33 0.26 0.38 0.44 0.34 0.50 0.41 0.40 0.41 0.37 0.26 0.39\n",
      "0.31 0.28 0.52 0.54 0.31 0.47 0.39 0.50 0.46 0.35 0.42 0.46 0.43 0.48 0.52 0.29 0.52 0.38 0.38 0.22 0.39 0.38 0.35 0.44 0.44 0.46 0.33 0.38 0.50 0.42 0.43 0.36 0.00 0.40 0.41 0.61 0.43 0.38 0.42 0.35 0.43 0.46 0.42 0.46 0.38 0.44 0.36 0.53 0.26 0.59\n",
      "0.26 0.38 0.48 0.43 0.27 0.36 0.38 0.53 0.36 0.42 0.39 0.39 0.52 0.41 0.49 0.49 0.46 0.44 0.39 0.37 0.46 0.50 0.51 0.45 0.45 0.39 0.34 0.38 0.46 0.29 0.36 0.32 0.40 0.00 0.34 0.44 0.47 0.35 0.28 0.37 0.41 0.34 0.42 0.43 0.43 0.51 0.44 0.42 0.30 0.41\n",
      "0.27 0.49 0.44 0.36 0.27 0.37 0.36 0.49 0.44 0.45 0.40 0.45 0.40 0.50 0.43 0.44 0.53 0.28 0.37 0.45 0.35 0.37 0.46 0.48 0.39 0.41 0.40 0.37 0.47 0.45 0.42 0.32 0.41 0.34 0.00 0.34 0.37 0.33 0.43 0.31 0.41 0.48 0.38 0.42 0.30 0.43 0.34 0.31 0.29 0.35\n",
      "0.33 0.60 0.47 0.32 0.32 0.44 0.49 0.48 0.47 0.47 0.43 0.36 0.45 0.50 0.29 0.56 0.50 0.43 0.43 0.54 0.36 0.43 0.51 0.39 0.39 0.46 0.49 0.39 0.43 0.42 0.37 0.41 0.61 0.44 0.34 0.00 0.45 0.43 0.45 0.40 0.45 0.43 0.45 0.45 0.50 0.44 0.46 0.27 0.38 0.22\n",
      "0.31 0.46 0.48 0.44 0.32 0.50 0.59 0.46 0.43 0.46 0.42 0.53 0.44 0.66 0.47 0.42 0.62 0.49 0.25 0.43 0.41 0.42 0.45 0.34 0.35 0.46 0.40 0.32 0.50 0.38 0.48 0.40 0.43 0.47 0.37 0.45 0.00 0.35 0.56 0.39 0.46 0.42 0.42 0.42 0.36 0.41 0.46 0.43 0.33 0.44\n",
      "0.23 0.37 0.33 0.29 0.24 0.44 0.43 0.49 0.31 0.37 0.31 0.46 0.32 0.45 0.38 0.30 0.49 0.44 0.43 0.37 0.41 0.41 0.46 0.35 0.49 0.42 0.43 0.31 0.39 0.34 0.48 0.25 0.38 0.35 0.33 0.43 0.35 0.00 0.35 0.29 0.37 0.37 0.41 0.43 0.29 0.41 0.42 0.35 0.23 0.36\n",
      "0.27 0.38 0.48 0.36 0.28 0.48 0.30 0.51 0.44 0.30 0.39 0.34 0.49 0.30 0.39 0.42 0.35 0.40 0.52 0.39 0.40 0.48 0.52 0.42 0.50 0.38 0.40 0.41 0.37 0.30 0.38 0.33 0.42 0.28 0.43 0.45 0.56 0.35 0.00 0.34 0.43 0.38 0.41 0.42 0.45 0.42 0.45 0.44 0.28 0.43\n",
      "0.19 0.30 0.37 0.36 0.21 0.49 0.39 0.47 0.45 0.36 0.25 0.37 0.32 0.38 0.32 0.37 0.56 0.34 0.32 0.36 0.22 0.41 0.42 0.33 0.38 0.34 0.39 0.32 0.50 0.36 0.35 0.26 0.35 0.37 0.31 0.40 0.39 0.29 0.34 0.00 0.43 0.40 0.40 0.37 0.38 0.24 0.32 0.25 0.20 0.36\n",
      "0.32 0.41 0.55 0.39 0.30 0.28 0.45 0.45 0.42 0.49 0.52 0.34 0.45 0.48 0.38 0.36 0.49 0.41 0.43 0.40 0.45 0.46 0.29 0.39 0.46 0.64 0.40 0.30 0.48 0.41 0.43 0.38 0.43 0.41 0.41 0.45 0.46 0.37 0.43 0.43 0.00 0.38 0.32 0.40 0.42 0.55 0.42 0.38 0.32 0.41\n",
      "0.26 0.35 0.40 0.42 0.26 0.41 0.48 0.33 0.37 0.40 0.37 0.38 0.54 0.41 0.37 0.40 0.50 0.49 0.38 0.32 0.40 0.47 0.42 0.27 0.45 0.46 0.26 0.36 0.43 0.24 0.34 0.44 0.46 0.34 0.48 0.43 0.42 0.37 0.38 0.40 0.38 0.00 0.49 0.34 0.43 0.45 0.41 0.41 0.28 0.38\n",
      "0.32 0.44 0.65 0.36 0.32 0.45 0.49 0.52 0.53 0.44 0.55 0.39 0.46 0.59 0.44 0.40 0.45 0.38 0.42 0.47 0.43 0.47 0.43 0.42 0.38 0.56 0.43 0.30 0.46 0.37 0.43 0.34 0.42 0.42 0.38 0.45 0.42 0.41 0.41 0.40 0.32 0.49 0.00 0.38 0.41 0.45 0.48 0.45 0.33 0.45\n",
      "0.31 0.38 0.53 0.33 0.31 0.53 0.42 0.31 0.47 0.44 0.41 0.40 0.57 0.51 0.38 0.40 0.60 0.42 0.40 0.47 0.38 0.53 0.40 0.40 0.32 0.49 0.26 0.45 0.54 0.35 0.45 0.50 0.46 0.43 0.42 0.45 0.42 0.43 0.42 0.37 0.40 0.34 0.38 0.00 0.44 0.40 0.47 0.36 0.31 0.44\n",
      "0.30 0.45 0.41 0.40 0.31 0.43 0.45 0.40 0.51 0.43 0.46 0.57 0.46 0.52 0.45 0.26 0.53 0.31 0.45 0.39 0.40 0.37 0.48 0.44 0.52 0.45 0.36 0.36 0.42 0.45 0.47 0.41 0.38 0.43 0.30 0.50 0.36 0.29 0.45 0.38 0.42 0.43 0.41 0.44 0.00 0.42 0.31 0.44 0.27 0.40\n",
      "0.29 0.41 0.44 0.41 0.30 0.63 0.49 0.44 0.56 0.31 0.33 0.46 0.40 0.49 0.33 0.40 0.55 0.39 0.41 0.42 0.20 0.40 0.49 0.32 0.39 0.32 0.42 0.39 0.46 0.38 0.39 0.40 0.44 0.51 0.43 0.44 0.41 0.41 0.42 0.24 0.55 0.45 0.45 0.40 0.42 0.00 0.40 0.40 0.29 0.43\n",
      "0.29 0.41 0.40 0.51 0.29 0.37 0.42 0.39 0.56 0.44 0.44 0.46 0.43 0.38 0.39 0.35 0.55 0.21 0.39 0.30 0.26 0.31 0.38 0.41 0.49 0.47 0.35 0.34 0.49 0.48 0.29 0.41 0.36 0.44 0.34 0.46 0.46 0.42 0.45 0.32 0.42 0.41 0.48 0.47 0.31 0.40 0.00 0.39 0.27 0.40\n",
      "0.29 0.46 0.39 0.30 0.28 0.45 0.45 0.46 0.45 0.51 0.35 0.38 0.39 0.43 0.27 0.47 0.62 0.39 0.39 0.50 0.32 0.48 0.44 0.39 0.42 0.49 0.45 0.38 0.55 0.44 0.42 0.37 0.53 0.42 0.31 0.27 0.43 0.35 0.44 0.25 0.38 0.41 0.45 0.36 0.44 0.40 0.39 0.00 0.32 0.24\n",
      "0.08 0.27 0.35 0.32 0.08 0.38 0.33 0.34 0.36 0.25 0.28 0.33 0.34 0.35 0.29 0.23 0.42 0.29 0.31 0.23 0.23 0.30 0.32 0.25 0.35 0.35 0.25 0.24 0.35 0.26 0.30 0.26 0.26 0.30 0.29 0.38 0.33 0.23 0.28 0.20 0.32 0.28 0.33 0.31 0.27 0.29 0.27 0.32 0.00 0.35\n",
      "0.31 0.54 0.41 0.31 0.30 0.42 0.52 0.46 0.50 0.51 0.44 0.44 0.46 0.47 0.29 0.50 0.54 0.41 0.44 0.51 0.37 0.47 0.53 0.37 0.49 0.48 0.47 0.35 0.45 0.41 0.38 0.39 0.59 0.41 0.35 0.22 0.44 0.36 0.43 0.36 0.41 0.38 0.45 0.44 0.40 0.43 0.40 0.24 0.35 0.00\n"
     ]
    }
   ],
   "source": [
    "label=[\"mole\",\"elephant\", \"rabbit\", \"bat\" ,\"beaver\", \"hamster\" ,\"squirrel\" ,\"rat\", \"mouse\", \"spider+monkey\", \"gorilla\", \"chimpanzee\" ,\"seal\" ,\"walrus\" ,\"killer+whale\", \"dolphin\", \"blue+whale\" ,\"humpback+whale\" ,\"grizzly+bear\", \"polar+bear\" ,\"skunk\", \"weasel\" ,\"otter\" ,\"giant+panda\" ,\"raccoon\" ,\"fox\" ,\"wolf\", \"dalmatian\" ,\"chihuahua\" ,\"german+shepherd\" ,\"collie\" ,\"tiger\" ,\"leopard\", \"lion\" ,\"bobcat\" ,\"persian+cat\", \"siamese+cat\", \"rhinoceros\", \"horse\" ,\"zebra\" ,\"hippopotamus\" ,\"pig\", \"giraffe\" ,\"moose\" ,\"deer\",\"antelope\" ,\"sheep\" ,\"buffalo\", \"ox\", \"cow\"]\n",
    "\n",
    "params = ['encode']\n",
    "fc_params = {pr: (net.params[pr][0].data, net.params[pr][1].data) for pr in params}\n",
    "#print fc_params\n",
    "\n",
    "\n",
    "\n",
    "for fc in params:\n",
    "    print '{} weights are {} dimensional, biases are {} dimensiona'.format(fc, fc_params[fc][0].shape, fc_params[fc][1].shape)\n",
    "    dic = {};\n",
    "    (I,J) = fc_params[fc][0].shape\n",
    "    for i in range(0,I):\n",
    "        dic[i] = []\n",
    "    for j in range(0,J):\n",
    "        twodecimals = [\"%.2f\" % v for v in (fc_params[fc][0][:,j])]\n",
    "        par = abs(fc_params[fc][0][:,j])\n",
    "        print twodecimals, label[j]\n",
    "        par = np.array(par)\n",
    "        dic[par.argmax(axis=0)].append(label[j])\n",
    "    print dic\n",
    "    \n",
    "    for j in range(0,J):\n",
    "        for k in range(0,J):\n",
    "            print \"%.2f\" % sum((fc_params[fc][0][:,j]-fc_params[fc][0][:,k])**2)**0.5, \n",
    "        print\n",
    "            \n",
    "            \n",
    "    \n"
   ]
  },
  {
   "cell_type": "code",
   "execution_count": 50,
   "metadata": {
    "collapsed": false,
    "scrolled": true
   },
   "outputs": [
    {
     "name": "stdout",
     "output_type": "stream",
     "text": [
      "decode weights are (50, 10) dimensional, biases are (50,) dimensiona\n",
      "['0.02', '0.03', '-0.06', '0.05', '-0.02', '0.02', '0.02', '-0.02', '-0.03', '-0.04'] mole\n",
      "['0.69', '0.30', '0.09', '-0.48', '-0.01', '-0.67', '-1.07', '0.33', '0.14', '0.07'] elephant\n",
      "['-0.40', '-0.24', '-0.26', '0.33', '-0.57', '0.26', '0.01', '0.54', '-0.82', '0.62'] rabbit\n",
      "['-0.85', '0.57', '-0.17', '0.04', '0.97', '0.14', '0.25', '0.24', '-0.60', '-0.31'] bat\n",
      "['0.05', '0.02', '-0.11', '0.06', '-0.01', '0.08', '-0.06', '-0.06', '-0.14', '-0.09'] beaver\n",
      "['-0.34', '-0.10', '-0.25', '-0.32', '-0.72', '0.39', '0.67', '-0.10', '-0.46', '-0.84'] hamster\n",
      "['0.13', '1.04', '-0.48', '-0.10', '-0.01', '1.07', '0.13', '-0.36', '-0.46', '0.32'] squirrel\n",
      "['-0.16', '0.13', '-1.23', '0.65', '-0.09', '0.03', '0.36', '0.26', '-0.23', '-0.47'] rat\n",
      "['-0.10', '0.14', '-0.30', '-0.21', '-0.12', '0.15', '0.43', '-0.05', '-1.19', '-0.30'] mouse\n",
      "['0.43', '0.54', '-0.10', '-0.14', '0.58', '-0.46', '0.75', '-0.41', '-0.31', '0.51'] spider+monkey\n",
      "['0.03', '0.35', '-0.05', '-0.18', '-0.02', '-0.41', '-0.50', '-0.60', '-0.93', '0.74'] gorilla\n",
      "['-0.08', '0.79', '-0.15', '-0.23', '0.23', '-0.63', '-0.37', '-0.94', '-0.18', '-0.50'] chimpanzee\n",
      "['0.13', '0.16', '1.10', '0.85', '-0.10', '-0.10', '0.16', '0.05', '-0.47', '-0.24'] seal\n",
      "['0.15', '0.82', '0.20', '0.20', '-0.89', '-0.11', '-0.54', '0.39', '-0.21', '-0.17'] walrus\n",
      "['-0.30', '0.65', '0.03', '1.12', '0.10', '-0.67', '0.08', '0.21', '0.42', '-0.11'] killer+whale\n",
      "['0.70', '0.46', '-0.05', '0.63', '0.03', '-0.39', '0.24', '0.93', '0.29', '-0.42'] dolphin\n",
      "['-0.01', '0.92', '0.10', '0.05', '0.07', '0.10', '0.91', '0.12', '0.40', '-0.41'] blue+whale\n",
      "['-0.08', '0.63', '0.19', '0.96', '0.02', '0.73', '-0.01', '0.08', '0.79', '-0.27'] humpback+whale\n",
      "['0.26', '-0.81', '-0.11', '-0.48', '-0.30', '-0.11', '-0.62', '-1.01', '-0.10', '-0.10'] grizzly+bear\n",
      "['1.08', '-0.07', '0.06', '-0.12', '-0.92', '-0.17', '0.41', '0.01', '0.04', '0.21'] polar+bear\n",
      "['-0.32', '0.13', '-0.29', '0.89', '-0.00', '-0.14', '0.03', '-0.76', '0.10', '0.70'] skunk\n",
      "['0.13', '-0.18', '-0.17', '0.60', '-0.21', '0.44', '0.96', '-0.38', '-0.26', '-0.06'] weasel\n",
      "['0.70', '0.07', '-0.16', '0.93', '0.06', '0.07', '-0.05', '-0.58', '-0.48', '-0.72'] otter\n",
      "['0.28', '-0.48', '-0.13', '0.22', '-0.07', '-1.23', '0.32', '-0.37', '-0.09', '0.27'] giant+panda\n",
      "['-0.01', '-0.52', '-0.21', '0.12', '0.64', '0.34', '0.34', '-1.03', '-0.29', '0.27'] raccoon\n",
      "['0.00', '-0.21', '-0.18', '-0.47', '0.09', '0.53', '0.31', '-0.14', '-0.03', '1.11'] fox\n",
      "['0.59', '-0.35', '-0.87', '-0.63', '-0.11', '0.52', '0.01', '-0.17', '0.40', '0.08'] wolf\n",
      "['-0.05', '-0.66', '0.86', '-0.12', '-0.12', '-0.48', '0.33', '-0.01', '0.92', '-0.58'] dalmatian\n",
      "['-0.39', '0.01', '0.00', '-0.35', '0.13', '-0.38', '1.40', '0.19', '0.11', '0.03'] chihuahua\n",
      "['0.11', '-0.42', '-0.27', '-1.08', '0.39', '-0.77', '0.52', '-0.03', '0.22', '0.10'] german+shepherd\n",
      "['-0.29', '-0.06', '-0.19', '-0.33', '-0.75', '-0.31', '0.33', '-0.63', '1.04', '0.36'] collie\n",
      "['0.12', '-0.21', '1.52', '-0.64', '0.03', '0.15', '-0.13', '-0.10', '0.13', '0.12'] tiger\n",
      "['1.01', '-0.34', '0.66', '0.06', '0.40', '0.77', '-0.12', '-0.14', '-0.13', '-0.17'] leopard\n",
      "['0.05', '-0.03', '0.31', '-1.31', '-0.45', '0.47', '-0.22', '-0.12', '-0.08', '0.15'] lion\n",
      "['-0.17', '-0.58', '0.16', '-0.25', '0.40', '1.37', '-0.20', '-0.27', '-0.06', '0.03'] bobcat\n",
      "['-1.18', '-0.12', '-0.00', '-0.02', '-0.10', '0.35', '0.52', '-0.73', '-0.22', '0.01'] persian+cat\n",
      "['-0.21', '-1.09', '-0.09', '-0.02', '0.36', '-0.13', '0.74', '0.14', '-0.48', '0.11'] siamese+cat\n",
      "['-0.10', '-0.12', '0.53', '-0.37', '0.15', '-0.21', '-0.78', '0.80', '-0.71', '-0.04'] rhinoceros\n",
      "['-0.17', '0.91', '0.21', '-0.67', '-0.02', '-0.34', '-0.30', '0.56', '0.82', '0.26'] horse\n",
      "['0.12', '0.04', '1.09', '0.34', '0.24', '0.14', '-0.83', '-0.07', '0.53', '0.60'] zebra\n",
      "['0.09', '0.21', '0.01', '0.06', '-0.06', '-0.32', '-0.70', '0.28', '-0.38', '-1.37'] hippopotamus\n",
      "['0.01', '-0.23', '-0.83', '-0.35', '-0.58', '-0.58', '-0.43', '0.47', '-0.33', '-0.28'] pig\n",
      "['0.34', '-0.16', '0.51', '-0.20', '1.10', '0.47', '-0.20', '0.41', '0.89', '-0.40'] giraffe\n",
      "['-0.12', '-0.08', '-0.83', '-0.03', '0.88', '-0.03', '-0.81', '0.51', '0.11', '0.02'] moose\n",
      "['0.07', '-0.64', '-0.34', '0.11', '0.47', '0.63', '-0.07', '1.13', '0.42', '0.20'] deer\n",
      "['-0.14', '-0.19', '0.24', '0.33', '0.47', '-0.41', '-0.02', '0.53', '0.79', '0.86'] antelope\n",
      "['0.20', '-0.59', '-0.23', '0.55', '-1.07', '0.36', '-0.59', '0.25', '0.62', '0.22'] sheep\n",
      "['-0.80', '-0.10', '0.23', '0.17', '-0.14', '-0.13', '-1.30', '0.11', '-0.18', '0.12'] buffalo\n",
      "['0.00', '0.01', '-0.01', '0.02', '-0.02', '-0.01', '-0.04', '0.02', '0.03', '-0.00'] ox\n",
      "['-1.17', '-0.19', '0.03', '-0.25', '-0.28', '-0.32', '-0.31', '0.53', '0.70', '-0.04'] cow\n",
      "{0: ['polar+bear', 'leopard', 'persian+cat', 'cow'], 1: ['blue+whale', 'siamese+cat', 'horse'], 2: ['mole', 'rat', 'seal', 'wolf', 'tiger', 'zebra', 'pig'], 3: ['killer+whale', 'humpback+whale', 'skunk', 'otter', 'german+shepherd', 'lion'], 4: ['bat', 'walrus', 'giraffe', 'moose', 'sheep'], 5: ['squirrel', 'giant+panda', 'bobcat'], 6: ['elephant', 'spider+monkey', 'weasel', 'chihuahua', 'buffalo', 'ox'], 7: ['chimpanzee', 'dolphin', 'grizzly+bear', 'raccoon', 'rhinoceros', 'deer'], 8: ['rabbit', 'beaver', 'mouse', 'gorilla', 'dalmatian', 'collie'], 9: ['hamster', 'fox', 'hippopotamus', 'antelope']}\n",
      "0.00 1.62 1.44 1.61 0.17 1.49 1.67 1.49 1.33 1.46 1.54 1.55 1.52 1.43 1.55 1.54 1.40 1.58 1.59 1.50 1.42 1.29 1.50 1.50 1.47 1.42 1.44 1.70 1.58 1.63 1.63 1.77 1.56 1.58 1.63 1.54 1.50 1.55 1.67 1.71 1.63 1.45 1.78 1.56 1.66 1.57 1.68 1.62 0.12 1.63\n",
      "1.62 0.00 2.42 2.61 1.62 2.72 2.58 2.59 2.42 2.22 1.84 1.88 2.35 1.61 2.26 1.92 2.45 2.54 1.98 1.96 2.48 2.80 2.35 2.03 2.66 2.34 2.07 2.31 2.74 2.04 2.37 2.10 2.15 1.93 2.66 2.95 2.67 1.51 1.55 1.85 1.80 1.65 2.16 1.77 2.34 2.02 2.20 1.83 1.56 2.21\n",
      "1.44 2.42 0.00 2.09 1.42 1.90 2.04 1.80 1.50 2.26 1.78 2.63 2.01 1.79 2.24 2.26 2.38 2.37 2.34 2.04 1.87 1.75 2.29 2.15 2.17 1.65 2.20 2.72 2.19 2.49 2.42 2.52 2.38 2.14 2.12 1.91 1.74 1.76 2.48 2.39 2.42 1.71 2.87 2.15 1.93 2.13 1.86 1.83 1.46 2.07\n",
      "1.61 2.61 2.09 0.00 1.59 2.09 1.98 1.86 1.58 1.91 2.16 1.96 2.16 2.36 2.00 2.28 1.77 2.20 2.78 2.94 2.19 2.09 2.29 2.52 2.03 2.24 2.56 2.69 1.90 2.30 2.81 2.60 2.50 2.49 2.17 1.75 2.01 1.99 2.27 2.61 2.10 2.35 2.25 1.80 2.24 2.31 3.06 2.18 1.64 2.17\n",
      "0.17 1.62 1.42 1.59 0.00 1.47 1.61 1.45 1.24 1.50 1.48 1.52 1.53 1.42 1.62 1.59 1.49 1.63 1.54 1.54 1.45 1.29 1.41 1.55 1.44 1.46 1.43 1.81 1.70 1.70 1.74 1.82 1.52 1.58 1.58 1.56 1.52 1.52 1.77 1.76 1.56 1.42 1.83 1.53 1.69 1.69 1.70 1.60 0.25 1.72\n",
      "1.49 2.72 1.90 2.09 1.47 0.00 2.08 1.72 1.20 2.33 2.43 2.20 2.19 2.02 2.51 2.35 1.78 2.35 2.13 1.99 2.42 1.47 2.05 2.34 2.14 2.22 1.96 2.22 1.76 2.20 2.14 2.45 2.34 1.86 2.09 1.56 1.88 2.33 2.58 2.97 1.94 1.82 2.73 2.62 2.46 2.85 2.34 2.50 1.56 2.20\n",
      "1.67 2.58 2.04 1.98 1.61 2.08 0.00 2.06 1.69 1.90 1.92 2.12 2.46 2.02 2.54 2.51 1.86 2.01 2.55 2.30 2.04 1.85 2.15 2.83 2.01 1.73 1.93 3.17 2.47 2.73 2.52 2.69 2.17 2.03 1.94 2.07 2.65 2.55 2.35 2.58 2.62 2.50 2.66 2.35 2.53 2.72 2.62 2.57 1.73 2.82\n",
      "1.49 2.59 1.80 1.86 1.45 1.72 2.06 0.00 1.63 2.17 2.41 2.22 2.41 2.09 1.81 1.78 1.88 2.03 2.53 2.27 1.91 1.56 1.73 2.13 2.15 2.33 1.95 2.70 2.07 2.41 2.40 3.21 2.60 2.74 2.48 2.10 2.01 2.51 2.59 2.99 2.01 1.62 2.70 1.84 2.05 2.43 2.20 2.45 1.56 2.29\n",
      "1.33 2.42 1.50 1.58 1.24 1.20 1.69 1.63 0.00 1.73 1.66 1.91 1.96 1.93 2.39 2.24 1.92 2.52 2.12 2.02 2.17 1.49 1.79 2.07 1.81 1.93 2.05 2.64 1.83 2.09 2.54 2.44 2.14 1.93 2.08 1.70 1.65 1.87 2.56 2.79 1.91 1.72 2.73 2.25 2.41 2.68 2.62 2.30 1.41 2.47\n",
      "1.46 2.22 2.26 1.91 1.50 2.33 1.90 2.17 1.73 0.00 1.61 1.75 2.09 2.33 2.04 2.07 1.62 2.44 2.35 1.91 1.77 1.72 2.06 1.58 1.63 1.67 2.09 2.47 1.55 1.64 2.19 2.33 2.14 2.27 2.51 2.14 1.92 2.38 2.15 2.40 2.61 2.35 2.42 2.28 2.55 2.00 2.90 2.73 1.50 2.68\n",
      "1.54 1.84 1.78 2.16 1.48 2.43 1.92 2.41 1.66 1.61 0.00 1.60 2.14 1.90 2.35 2.62 2.50 2.73 1.80 2.14 1.68 2.23 2.13 1.80 1.85 1.77 2.28 2.84 2.49 2.20 2.36 2.28 2.32 1.98 2.41 2.10 2.25 1.84 2.31 2.14 2.38 1.97 2.90 2.17 2.79 2.33 2.56 1.82 1.55 2.53\n",
      "1.55 1.88 2.63 1.96 1.52 2.20 2.12 2.22 1.91 1.75 1.60 0.00 2.23 1.95 1.99 2.38 1.95 2.37 1.88 2.40 1.94 2.30 1.83 1.95 2.02 2.48 2.30 2.42 2.37 2.10 2.16 2.43 2.45 2.21 2.61 2.07 2.59 2.28 2.08 2.40 1.75 2.07 2.54 2.16 3.02 2.57 2.81 2.09 1.57 2.38\n",
      "1.52 2.35 2.01 2.16 1.53 2.19 2.46 2.41 1.96 2.09 2.14 2.23 0.00 1.73 1.69 1.81 1.91 1.85 2.48 2.05 2.01 1.73 1.63 2.06 2.23 2.46 2.81 1.99 2.25 2.71 2.62 1.79 1.76 2.51 2.38 2.20 2.13 1.89 2.49 1.78 1.99 2.53 2.35 2.67 2.52 2.16 2.37 2.13 1.53 2.47\n",
      "1.43 1.61 1.79 2.36 1.42 2.02 2.02 2.09 1.93 2.33 1.90 1.95 1.73 0.00 1.80 1.68 1.91 1.89 2.36 1.75 2.17 2.22 2.00 2.30 2.75 2.39 2.34 2.42 2.53 2.66 2.26 2.25 2.28 2.01 2.60 2.45 2.71 1.72 1.74 2.05 1.63 1.69 2.63 2.31 2.48 2.33 1.85 1.75 1.42 2.09\n",
      "1.55 2.26 2.24 2.00 1.62 2.51 2.54 1.81 2.39 2.04 2.35 1.99 1.69 1.80 0.00 1.42 1.63 1.51 2.78 2.37 1.55 2.02 1.94 1.89 2.46 2.59 2.70 2.16 2.13 2.58 2.21 2.68 2.61 2.95 2.87 2.29 2.45 2.38 2.00 2.09 2.11 2.27 2.40 2.15 2.40 1.67 2.28 2.11 1.54 1.98\n",
      "1.54 1.92 2.26 2.28 1.59 2.35 2.51 1.78 2.24 2.07 2.62 2.38 1.81 1.68 1.42 0.00 1.56 1.76 2.83 1.82 2.35 2.04 1.88 2.07 2.71 2.57 2.30 2.13 2.12 2.38 2.53 2.58 2.13 2.70 2.80 2.85 2.37 2.13 1.97 2.33 1.85 2.00 2.05 2.09 1.93 1.90 2.20 2.55 1.54 2.36\n",
      "1.40 2.45 2.38 1.77 1.49 1.78 1.86 1.88 1.92 1.62 2.50 1.95 1.91 1.91 1.63 1.56 0.00 1.53 2.74 2.01 2.12 1.61 2.09 2.27 2.26 2.17 2.17 2.03 1.38 2.13 2.00 2.30 2.23 2.26 2.42 1.99 2.30 2.50 1.74 2.44 2.20 2.39 2.06 2.43 2.33 2.13 2.60 2.70 1.43 2.20\n",
      "1.58 2.54 2.37 2.20 1.63 2.35 2.01 2.03 2.52 2.44 2.73 2.37 1.85 1.89 1.51 1.76 1.53 0.00 2.75 2.39 1.85 1.84 1.93 2.69 2.35 2.38 2.34 2.24 2.46 2.94 2.26 2.46 2.05 2.63 2.11 2.23 2.68 2.60 2.12 1.87 2.29 2.68 1.91 2.28 2.08 2.02 1.97 2.28 1.59 2.22\n",
      "1.59 1.98 2.34 2.78 1.54 2.13 2.55 2.53 2.12 2.35 1.80 1.88 2.48 2.36 2.78 2.83 2.74 2.75 0.00 2.00 2.10 2.20 2.04 1.82 1.65 2.02 1.66 2.13 2.65 1.97 1.92 2.10 1.99 1.71 1.95 2.11 2.08 2.22 2.64 2.25 2.21 1.89 2.54 2.28 2.62 2.54 2.04 2.00 1.59 2.38\n",
      "1.50 1.96 2.04 2.94 1.54 1.99 2.30 2.27 2.02 1.91 2.14 2.40 2.05 1.75 2.37 1.82 2.01 2.39 2.00 0.00 2.23 1.72 2.01 1.72 2.32 1.92 1.71 2.11 2.10 2.06 1.86 2.17 1.89 1.90 2.54 2.59 2.19 2.35 2.26 2.37 2.42 1.90 2.63 2.70 2.40 2.27 1.81 2.70 1.51 2.61\n",
      "1.42 2.48 1.87 2.19 1.45 2.42 2.04 1.91 2.17 1.77 1.68 1.94 2.01 2.17 1.55 2.35 2.12 1.85 2.10 2.23 0.00 1.58 1.87 1.69 1.51 1.79 2.24 2.48 2.23 2.46 1.79 2.61 2.41 2.61 2.30 1.67 2.12 2.59 2.43 1.99 2.67 2.34 2.68 2.19 2.48 1.79 2.05 2.01 1.45 2.24\n",
      "1.29 2.80 1.75 2.09 1.29 1.47 1.85 1.56 1.49 1.72 2.23 2.30 1.73 2.22 2.02 2.04 1.61 1.84 2.20 1.72 1.58 0.00 1.50 1.90 1.42 1.78 1.91 2.21 1.64 2.30 2.06 2.45 1.87 2.35 1.93 1.57 1.54 2.58 2.72 2.52 2.45 2.29 2.50 2.53 2.21 2.29 2.14 2.64 1.37 2.52\n",
      "1.50 2.35 2.29 2.29 1.41 2.05 2.15 1.73 1.79 2.06 2.13 1.83 1.63 2.00 1.94 1.88 2.09 1.93 2.04 2.01 1.87 1.50 0.00 2.00 1.82 2.57 2.22 2.45 2.59 2.69 2.64 2.65 1.71 2.70 2.31 2.35 2.25 2.42 2.89 2.43 1.72 2.23 2.48 2.33 2.59 2.66 2.29 2.44 1.58 2.90\n",
      "1.50 2.03 2.15 2.52 1.55 2.34 2.83 2.13 2.07 1.58 1.80 1.95 2.06 2.30 1.89 2.07 2.27 2.69 1.82 1.72 1.69 1.90 2.00 0.00 1.88 2.12 2.20 1.92 1.84 1.56 1.85 2.41 2.42 2.49 2.80 2.25 1.64 2.28 2.43 2.38 2.37 1.81 2.68 2.31 2.56 1.85 2.32 2.36 1.49 2.28\n",
      "1.47 2.66 2.17 2.03 1.44 2.14 2.01 2.15 1.81 1.63 1.85 2.02 2.23 2.75 2.46 2.71 2.26 2.35 1.65 2.32 1.51 1.42 1.82 1.88 0.00 1.53 1.82 2.39 2.08 2.02 2.18 2.32 1.82 2.23 1.55 1.53 1.51 2.53 2.81 2.31 2.65 2.49 2.30 2.17 2.34 2.25 2.55 2.43 1.52 2.61\n",
      "1.42 2.34 1.65 2.24 1.46 2.22 1.73 2.33 1.93 1.67 1.77 2.48 2.46 2.39 2.59 2.57 2.17 2.38 2.02 1.92 1.79 1.78 2.57 2.12 1.53 0.00 1.50 2.50 1.88 1.83 1.86 2.07 2.00 1.58 1.61 1.83 1.73 2.22 2.13 2.10 2.95 2.25 2.32 2.12 1.87 1.78 2.18 2.32 1.41 2.23\n",
      "1.44 2.07 2.20 2.56 1.43 1.96 1.93 1.95 2.05 2.09 2.28 2.30 2.81 2.34 2.70 2.30 2.17 2.34 1.66 1.71 2.24 1.91 2.22 2.20 1.82 1.50 0.00 2.37 2.23 1.74 1.82 2.50 1.91 1.63 1.76 2.30 2.05 2.45 2.22 2.54 2.44 1.77 2.12 1.86 1.81 2.28 1.89 2.54 1.45 2.35\n",
      "1.70 2.31 2.72 2.69 1.81 2.22 3.17 2.70 2.64 2.47 2.84 2.42 1.99 2.42 2.16 2.13 2.03 2.24 2.13 2.11 2.48 2.21 2.45 1.92 2.39 2.50 2.37 0.00 1.91 1.90 1.81 1.64 2.14 2.24 2.43 2.28 2.03 2.33 2.16 2.05 2.23 2.40 1.84 2.64 2.32 1.91 2.23 2.42 1.65 1.81\n",
      "1.58 2.74 2.19 1.90 1.70 1.76 2.47 2.07 1.83 1.55 2.49 2.37 2.25 2.53 2.13 2.12 1.38 2.46 2.65 2.10 2.23 1.64 2.59 1.84 2.08 1.88 2.23 1.91 0.00 1.45 1.90 2.33 2.57 2.25 2.53 1.75 1.51 2.50 2.15 2.78 2.66 2.28 2.42 2.56 2.29 2.00 2.80 2.84 1.60 2.05\n",
      "1.63 2.04 2.49 2.30 1.70 2.20 2.73 2.41 2.09 1.64 2.20 2.10 2.71 2.66 2.58 2.38 2.13 2.94 1.97 2.06 2.46 2.30 2.69 1.56 2.02 1.83 1.74 1.90 1.45 0.00 1.87 2.20 2.44 1.86 2.49 2.26 1.64 2.22 2.00 2.66 2.50 1.87 2.22 2.11 2.28 2.00 2.75 2.64 1.60 2.09\n",
      "1.63 2.37 2.42 2.81 1.74 2.14 2.52 2.40 2.54 2.19 2.36 2.16 2.62 2.26 2.21 2.53 2.00 2.26 1.92 1.86 1.79 2.06 2.64 1.85 2.18 1.86 1.82 1.81 1.90 1.87 0.00 2.32 2.68 1.97 2.51 1.88 2.36 2.81 1.91 2.33 2.79 2.17 2.62 2.61 2.59 1.98 1.91 2.42 1.60 1.76\n",
      "1.77 2.10 2.52 2.60 1.82 2.45 2.69 3.21 2.44 2.33 2.28 2.43 1.79 2.25 2.68 2.58 2.30 2.46 2.10 2.17 2.61 2.45 2.65 2.41 2.32 2.07 2.50 1.64 2.33 2.20 2.32 0.00 1.65 1.53 1.99 2.33 2.29 1.80 2.07 1.47 2.47 2.71 1.91 2.75 2.50 2.13 2.54 2.19 1.71 2.26\n",
      "1.56 2.15 2.38 2.50 1.52 2.34 2.17 2.60 2.14 2.14 2.32 2.45 1.76 2.28 2.61 2.13 2.23 2.05 1.99 1.89 2.41 1.87 1.71 2.42 1.82 2.00 1.91 2.14 2.57 2.44 2.68 1.65 0.00 1.98 1.49 2.55 2.11 2.04 2.59 1.78 2.23 2.59 1.60 2.33 2.01 2.31 2.27 2.49 1.56 2.84\n",
      "1.58 1.93 2.14 2.49 1.58 1.86 2.03 2.74 1.93 2.27 1.98 2.21 2.51 2.01 2.95 2.70 2.26 2.63 1.71 1.90 2.61 2.35 2.70 2.49 2.23 1.58 1.63 2.24 2.25 1.86 1.97 1.53 1.98 0.00 1.76 2.10 2.28 1.85 1.86 2.21 2.37 2.01 2.30 2.40 2.35 2.47 2.29 2.15 1.54 2.11\n",
      "1.63 2.66 2.12 2.17 1.58 2.09 1.94 2.48 2.08 2.51 2.41 2.61 2.38 2.60 2.87 2.80 2.42 2.11 1.95 2.54 2.30 1.93 2.31 2.80 1.55 1.61 1.76 2.43 2.53 2.49 2.51 1.99 1.49 1.76 0.00 1.83 1.96 2.21 2.65 2.09 2.55 2.59 1.85 2.12 1.80 2.40 2.24 2.18 1.64 2.39\n",
      "1.54 2.95 1.91 1.75 1.56 1.56 2.07 2.10 1.70 2.14 2.10 2.07 2.20 2.45 2.29 2.85 1.99 2.23 2.11 2.59 1.67 1.57 2.35 2.25 1.53 1.83 2.30 2.28 1.75 2.26 1.88 2.33 2.55 2.10 1.83 0.00 1.78 2.50 2.55 2.52 2.57 2.40 2.69 2.51 2.57 2.41 2.53 2.13 1.57 1.91\n",
      "1.50 2.67 1.74 2.01 1.52 1.88 2.65 2.01 1.65 1.92 2.25 2.59 2.13 2.71 2.45 2.37 2.30 2.68 2.08 2.19 2.12 1.54 2.25 1.64 1.51 1.73 2.05 2.03 1.51 1.64 2.36 2.29 2.11 2.28 1.96 1.78 0.00 2.09 2.77 2.60 2.51 2.05 2.35 2.18 1.85 2.01 2.46 2.45 1.52 2.21\n",
      "1.55 1.51 1.76 1.99 1.52 2.33 2.55 2.51 1.87 2.38 1.84 2.28 1.89 1.72 2.38 2.13 2.50 2.60 2.22 2.35 2.59 2.58 2.42 2.28 2.53 2.22 2.45 2.33 2.50 2.22 2.81 1.80 2.04 1.85 2.21 2.50 2.09 0.00 2.00 1.93 1.67 1.73 2.18 1.81 2.01 2.11 2.39 1.42 1.50 1.97\n",
      "1.67 1.55 2.48 2.27 1.77 2.58 2.35 2.59 2.56 2.15 2.31 2.08 2.49 1.74 2.00 1.97 1.74 2.12 2.64 2.26 2.43 2.72 2.89 2.43 2.81 2.13 2.22 2.16 2.15 2.00 1.91 2.07 2.59 1.86 2.65 2.55 2.77 2.00 0.00 1.95 2.33 2.13 2.02 2.04 2.26 1.71 2.42 2.10 1.59 1.61\n",
